x1	: 28.416715, -81.581217
x2	: 28.418143, -81.581202
x3	: 28.418676, -81.581540
x4	: 28.418897, -81.581503
X5	: 28.419025, -81.581196
x6	: 28.418886, -81.580897
x7	: 28.418684, -81.580866
x8	: 28.418542, -81.582001
x9	: 28.419149, -81.581993